   1641 870244616003403781
   1234 177400353
   1140 1060440219097423872
    994 192374137
    850 18218403
    650 29447428
    375 1891490382
    357 2800413166
    302 1264114113925402624
    299 18831926
    274 163018653
    274 1495480590572961792
    254 1231514832479948802
    249 1219232377605644289
    174 42836999
    168 59028892
    159 1229752606714728454
    158 813314931147816960
    141 1290232189615894531
    136 24238030
    125 524869533
    125 1238370241169616897
    117 3222067490
    116 1261203450022359043
    114 720139699
    109 67934675
    109 38978291
    108 80802900
    103 1075927117
    102 1094971056358637568
    101 1099522514366001152
     94 1244266306485932034
     92 2288308578
     91 940778288871542786
     88 17477864
     87 977204844
     86 14192000
     84 1104045001321926656
     83 21489341
     79 885891622919184384
     76 1497976259296563200
     76 1125443593085358082
     74 299273962
     74 1492690652529889282
     73 1573800344
     73 155930120
     72 380648579
     72 255812611
     72 1314241954058833926
     72 1003107003693137921
     71 326184301
     70 69193833
     69 73206956
     67 24457744
     67 1217922136343490576
     67 117810351
     65 1270133776748855304
     63 2758100418
     62 15423737
     60 2749315621
     60 1009546724
     58 2377589106
     57 19080151
     57 138168339
     56 976948534053343233
     56 7587032
     55 1387010761994682371
     54 1108297656550318080
     54 1009900083402461185
     53 96648433
     53 1296279134079823872
     53 1168793622248067072
     51 2876041031
     51 1278401163373707267
     50 926164634570067968
     50 1120633726478823425
     50 1045976040877756421
     49 873135988440223745
     49 3288075858
     49 22448617
     48 1221462414744596483
     47 60779696
     47 351784239
     47 2441666255
     47 14106476
     47 1358064335415877635
     47 1297471014389944322
     46 586291040
     46 159021888
     45 763010018
     45 537175623
     45 118459189
     45 1108565574
     45 105327432
     44 27493883
     44 2420267570
     44 23373153
     43 4830874006
     43 2695143194
     43 1445454626522755078
     42 87358629
     42 1240682348120866816
     41 71686324
     41 63383628
     41 1235970884113850368
     40 3255042949
     40 16692859
     40 1402072207694589954
     40 1243560408025198593
     39 237045706
     38 51241418
     38 2698422738
     38 174473050
     37 15088481
     36 232519990
     36 1647573157
     36 1338892910549475330
     35 98429846
     35 263359642
     35 205864193
     35 19489239
     35 19426551
     35 175989309
     34 92759522
     34 899340282436747267
     34 1496808190700363779
     34 1364639441604800513
     33 985749294
     33 525847148
     33 33727663
     32 4361001253
     32 312412918
     32 301352485
     32 198296897
     31 19604599
     31 16374678
     31 1266006636000358402
     31 1254449478
     30 904206913889554432
     30 764657028
     30 35787166
     30 17027632
     30 1144763809225203712
     30 1102447409177608192
     29 934810674450059265
     29 805064713256079360
     29 738414815660670976
     29 277587469
     29 15480566
     29 1267462011153195009
     29 12321952
     29 118166719
     29 1060638590789734400
     28 94350709
     28 942156122
     28 86970530
     28 798953701972938752
     28 612473
     28 267498657
     28 2542032578
     28 2332818674
     28 1944466748
     28 1480493394363392004
     28 1173501470345445376
     27 755135678422327296
     27 29420301
     27 246667561
     27 1370616208928747520
     27 1306152383601192961
     27 1101084489885863936
     26 86606520
     26 469509327
     26 46678624
     26 4541535439
     26 40129171
     26 3129968261
     26 2461810448
     26 234694571
     26 19019465
     26 16378486
     26 160244947
     26 149522272
     26 1363236861402112002
     26 1299769218
     26 1270331748505669633
     26 1238583088998830081
     26 1010593116
     25 79402753
     25 508591081
     25 4703167472
     25 2608740770
     25 246939630
     25 21952044
     25 212445456
     25 19058678
     25 1640929196
     25 1356786368656138241
     25 1126026707771650048
     25 1010384732759252997
     24 997519418492993537
     24 953924228306305024
     24 856959757
     24 823610492472164353
     24 797179922087297024
     24 51547100
     24 42407972
     24 303324434
     24 270921976
     24 2573480784
     24 18082945
     24 1254707039500144640
     23 86626845
     23 731167584
     23 721190828
     23 548289031
     23 4823705386
     23 409657315
     23 2935342215
     23 2161051908
     23 173672963
     23 156653779
     23 15614141
     23 1334195751753277445
     23 1138486153861095426
     22 921243130262728704
     22 84083187
     22 630995607
     22 59811175
     22 3246790436
     22 279390084
     22 258124400
     22 2416121735
     22 215899949
     22 21313357
     22 19536434
     22 1323084170
     22 1304036484920606720
     22 1274450883460255745
     22 1253672034
     22 1220843046125940736
     21 614600545
     21 498753368
     21 477934944
     21 459310999
     21 3342536589
     21 2926505202
     21 20699709
     21 19664367
     21 19282280
     21 14476016
     21 143427448
     21 1337423634403487744
     21 1233660354498088962
     20 993492864066768899
     20 850343119451299841
     20 81399051
     20 741693001
     20 54617733
     20 43976957
     20 3972812140
     20 255986116
     20 2327654917
     20 21645209
     20 21258337
     20 1949420935
     20 18004222
     20 17919393
     20 17724276
     20 1502349083981324288
     20 1432413874548994052
     20 1401963978109169665
     20 1322420269
     20 1312166469891813376
     20 1005846500583321601
     19 963542914403094528
     19 86302370
     19 841694471293173760
     19 799077446
     19 454071012
     19 321669115
     19 2813049204
     19 2388075212
     19 19670226
     19 192892778
     19 191100226
     19 134939868
     19 1305795361336770560
     19 1123274196098920453
     18 867211584
     18 816308289457848320
     18 739844197935644672
     18 58413196
     18 454099919
     18 328756439
     18 263970953
     18 2601869406
     18 2595088842
     18 252794509
     18 19429280
     18 19386778
     18 17525171
     18 15976705
     18 151376102
     18 1507338108
     18 1315053256343719936
     18 1007269733316677639
     17 826631824700997633
     17 738806388
     17 66917778
     17 60606206
     17 428140124
     17 424083365
     17 27413942
     17 259602009
     17 243032876
     17 21891765
     17 218491913
     17 1957610664
     17 1921951394
     17 182503471
     17 16403943
     17 15439005
     17 1471037967926018051
     17 14247236
     17 1359532099
     17 1231433890595622913
     17 1158193640
     16 939697315379646465
     16 918291738703171584
     16 746371177174679552
     16 59393368
     16 518615888
     16 49408718
     16 493714995
     16 470548083
     16 43792125
     16 436414193
     16 40954616
     16 3311437198
     16 3087881119
     16 2561718665
     16 2490890594
     16 2439127994
     16 2314656883
     16 22255244
     16 18980055
     16 18869484
     16 14499829
     16 1388819128052506627
     16 1382912376597479427
     16 1370879836797947907
     16 1260885935383666688
     16 1157249837206843392
     16 1138198502276784128
     15 947542594569097216
     15 913835190572670976
     15 90107770
     15 874916178
     15 804582780298412032
     15 792054557501038592
     15 72655429
     15 711750460932141056
     15 63217258
     15 522530914
     15 399178595
     15 3987701367
     15 39469575
     15 3664109892
     15 35636271
     15 34247411
     15 2692420788
     15 2479226604
     15 22776133
     15 2264401871
     15 223841564
     15 20098015
     15 18320938
     15 1505481949854502915
     15 1427453911070347267
     15 1404256569156521987
     15 1288252277187371012
     15 1207264403248140290
     15 110893874
     14 971315817358020608
     14 896202053420056577
     14 842432472
     14 815297463695327234
     14 78553276
     14 767788995962998784
     14 57937201
     14 49698134
     14 430620548
     14 415170246
     14 383986280
     14 2615581908
     14 259372802
     14 255369151
     14 255340030
     14 2256151754
     14 22317663
     14 20589511
     14 189868631
     14 179732982
     14 17056433
     14 16966104
     14 1657761703
     14 16314859
     14 1476701921893257236
     14 145499533
     14 14522537
     14 1349922686898724864
     14 1344672139312562176
     14 1244661559948787713
     14 1172545640360022019
     14 1114970489942753280
     14 1089330601553932290
     14 1012201853877186562
     13 948961748261810176
     13 937899468585828352
     13 875612784863531008
     13 864030687120281602
     13 855263756
     13 822591807821381635
     13 801717287300530176
     13 64703161
     13 60886384
     13 56768709
     13 529540495
     13 34180269
     13 3341278667
     13 304679484
     13 2871121249
     13 28279637
     13 269969154
     13 234497587
     13 2273680110
     13 2245797112
     13 1618718016
     13 15446551
     13 1539378523
     13 1519997904
     13 1456025947719622661
     13 1436093042
     13 1421835080813666306
     13 1397602893432201221
     13 1308758393373458437
     13 1260764666789158913
     13 1255091950115606530
     13 1254484981684015104
     13 1252988129708929024
     13 1245843601390817281
     13 1223389308
     12 913639056348553216
     12 865315737690284032
     12 846037320667217921
     12 824171349874769921
     12 812361923304034304
     12 77005412
     12 750658704949678081
     12 73754019
     12 713839291210792960
     12 68964628
     12 621533
     12 3931283419
     12 36042554
     12 3301957390
     12 3292597556
     12 3282955777
     12 320822503
     12 31447043
     12 3003886063
     12 2809661873
     12 2583270112
     12 2542290469
     12 2429046650
     12 21625642
     12 1651522832
     12 162427574
     12 1540529606
     12 1497304735887638530
     12 1497151329374031872
     12 14772775
     12 1451207907098431503
     12 1434933202225799170
     12 143415291
     12 1383635482198757378
     12 1362103305715900416
     12 1349909704173002753
     12 130120037
     12 1296189449747931137
     12 1280454331410440192
     12 1214648962491269125
     12 121417367
     12 1208160128060379136
     12 1089151295397621760
     12 1026756113973354496
     12 1006419421244678144
     11 991325810295562241
     11 980203468806868996
     11 939486738543796224
     11 926019424154349568
     11 835939985144627200
     11 829647236
     11 799717156589965312
     11 76941017
     11 64417485
     11 58974496
     11 466400667
     11 4249826728
     11 36876990
     11 34036028
     11 3314652765
     11 2827076514
     11 27831488
     11 271075882
     11 2395421815
     11 21059255
     11 16513335
     11 1498743557607366659
     11 149282848
     11 1441440479539826689
     11 1422044577079377924
     11 1382431445063495688
     11 1381084029932474371
     11 1309237180418666499
     11 1255176009764294656
     11 125143408
     11 1212560564225900544
     11 1160263164078022656
     11 115563859
     11 1153682741780598785
     11 1124907304933969920
     11 1073645785911222273
     11 1055307732226531328
     11 1029475507430146048
     10 997682274
     10 980303274606669824
     10 970109612597895168
     10 943906396180905984
     10 904408999
     10 841489249157468161
     10 8.00971E+17
     10 797190773510848512
     10 784218054855127041
     10 771851136655589377
     10 768677588617138176
     10 750531092
     10 531633997
     10 531618878
     10 52136185
     10 50123331
     10 4849786505
     10 45379403
     10 44898608
     10 442271643
     10 430966134
     10 42518865
     10 342802864
     10 33216799
     10 32313637
     10 30844417
     10 2851359505
     10 2835886194
     10 275104144
     10 268738761
     10 2593496750
     10 256957128
     10 247552110
     10 2415072836
     10 23477240
     10 2341433004
     10 230621630
     10 228529107
     10 2260170266
     10 225779417
     10 20485206
     10 17793878
     10 16315143
     10 16286419
     10 15484198
     10 1492574423290990595
     10 14704278
     10 1468622868032466946
     10 1434997570934169600
     10 1430026082984595462
     10 1401861298233647106
     10 1395015194208727046
     10 1338422966166515712
     10 1333774146807980033
     10 1326889278664658951
     10 1276620122845659136
     10 1258884036577157123
     10 1234607702212395008
     10 1220056834515578882
     10 110396781
     10 1054893957652434944
     10 1011580472709787648
     10 100380798
      9 970207298
      9 963938566068998145
      9 956266072440635392
      9 927909674837458944
      9 908600227468271616
      9 900733668779544578
      9 867966382700240896
      9 86141342
      9 856852362278948864
      9 84174241
      9 832524310199824384
      9 828038191974346752
      9 824315782947631104
      9 821901681231298560
      9 818733968
      9 760219193195302912
      9 757709036414316544
      9 729086825172766720
      9 713761799103971331
      9 67805368
      9 631221668
      9 566688127
      9 56562803
      9 53963427
      9 52730608
      9 50317463
      9 486766063
      9 48624704
      9 46775436
      9 380268462
      9 373452414
      9 3589351635
      9 352754946
      9 35203403
      9 325480259
      9 3143750061
      9 3044584264
      9 3014537423
      9 2916395070
      9 26985345
      9 26361656
      9 2583166945
      9 2471773471
      9 2460279166
      9 2425571623
      9 234611973
      9 228686553
      9 223592041
      9 21365372
      9 20015311
      9 192414447
      9 184763933
      9 18178850
      9 17867050
      9 17329538
      9 1719253842
      9 17045260
      9 169265464
      9 16563015
      9 164718384
      9 16331010
      9 156306739
      9 1496668119749648384
      9 146569971
      9 1444503111767404550
      9 1438310422193459205
      9 1426046580507824129
      9 1369701486
      9 1361142865728954370
      9 1350150750966603777
      9 1331899815140143105
      9 1325563478
      9 1318537581185896448
      9 1297534640014667778
      9 1280533623561687043
      9 1263951608330715139
      9 126042283
      9 1247474442
      9 1246004181372211202
      9 1244795359097958401
      9 1233204595394072577
      9 1225382429080391680
      9 1205226529455632385
      9 1185588451665530880
      9 1181953435522011136
      9 1160668060614717440
      9 1146329871418843136
      9 1115874631
      9 1110389035174948864
      9 1096443838653218816
      9 1082078521659482114
      9 1080485113
      9 1016943828052336640
      9 1004085488859385863
      8 99188075
      8 975500192
      8 938261383434637312
      8 926811657359077376
      8 90949148
      8 898231845925646336
      8 879147821915615233
      8 870629200348274688
      8 860715570
      8 848911132496723969
      8 823287122631102464
      8 809310522
      8 794927173245210626
      8 772646638225469440
      8 767442185943785472
      8 7.66136E+17
      8 73406718
      8 730021628
      8 70435999
      8 6395222
      8 62306952
      8 59936143
      8 52939106
      8 50109331
      8 494626920
      8 4896679942
      8 3856305322
      8 38491229
      8 3832
      8 377609596
      8 369534015
      8 353365146
      8 33933259
      8 329245246
      8 3221117109
      8 311340010
      8 310323256
      8 3002029764
      8 289186412
      8 2827556878
      8 282619516
      8 2808650785
      8 27594032
      8 272196949
      8 271445418
      8 26926580
      8 26550418
      8 255471924
      8 25165002
      8 24928809
      8 2424318663
      8 2421067430
      8 2314018987
      8 2172593423
      8 202484055
      8 19617541
      8 19500405
      8 19444754
      8 19422491
      8 1917731
      8 17672825
      8 17446621
      8 17243213
      8 17027378
      8 164060400
      8 15764644
      8 1576463233
      8 15745368
      8 151606599
      8 1514803698
      8 1507235112
      8 1499295169870319616
      8 14955353
      8 1494582293331349506
      8 1474109918089293826
      8 1472840303564537858
      8 14513611
      8 14159148
      8 1405949898604703744
      8 139823781
      8 1367361786039648257
      8 1364805642469351430
      8 1349395827362590730
      8 1341233976434782210
      8 1336874614891421697
      8 1336329584178909187
      8 1316158478642294785
      8 1310240355858681856
      8 1310150012282830848
      8 1309762062
      8 1309040708079226880
      8 130557513
      8 1272339251070468096
      8 1265187595161464833
      8 1256595851859726337
      8 1254077828481630208
      8 1253939558514692098
      8 121768165
      8 1171109054
      8 1149723393245220864
      8 1137438540
      8 1130046320184446976
      8 1114473042258698240
      8 1110711639064698880
      8 1096344586140700672
      8 107030017
      8 1066773270773547008
      7 968831639857061888
      7 964865616967553024
      7 963792240232488961
      7 946344888
      7 940557250111987712
      7 929859631119323137
      7 899091021895786496
      7 897083413466951680
      7 895056335150174209
      7 89243448
      7 886857086717628416
      7 8820062
      7 881708118903726080
      7 880018682
      7 877271167811244032
      7 851660614137135104
      7 843433646962999296
      7 841613136843157504
      7 832616065259614209
      7 823269389000642560
      7 819808011401072641
      7 818513652814843906
      7 811192656
      7 810282809482944512
      7 798973032362606600
      7 774510439824822273
      7 761819600568717312
      7 760213207332052995
      7 74508260
      7 740989553960452096
      7 737387991820296192
      7 732521058507620356
      7 61454352
      7 544732668
      7 52770751
      7 519388948
      7 517105402
      7 500704345
      7 489377813
      7 48325671
      7 475063210
      7 468161947
      7 467726691
      7 465938540
      7 454791337
      7 4500218114
      7 412235572
      7 4083165995
      7 38885578
      7 387170537
      7 373157754
      7 366498596
      7 351120282
      7 3310505366
      7 32302688
      7 322866759
      7 317143861
      7 3136383866
      7 2932558313
      7 2905260526
      7 28897926
      7 28817015
      7 2846809907
      7 2842740787
      7 27518001
      7 2715046843
      7 268416076
      7 2616995078
      7 252569527
      7 252521025
      7 246070116
      7 24211594
      7 242098879
      7 2368704536
      7 23563830
      7 209535365
      7 20812193
      7 20715936
      7 20543416
      7 20253024
      7 19923144
      7 19913106
      7 19902709
      7 1967889907
      7 18541444
      7 183024552
      7 18208368
      7 178156240
      7 17629860
      7 17112878
      7 166985027
      7 16557472
      7 1634512056
      7 1617275450
      7 161505969
      7 16133530
      7 15676944
      7 15481850
      7 1472371170758512653
      7 14470793
      7 1438527367505330177
      7 14361155
      7 1397630402
      7 1391168043087060996
      7 1379292876
      7 1366537530519154689
      7 135890983
      7 1356633646514409473
      7 1356480360599621632
      7 1309417499398746112
      7 1266675567774097409
      7 1248772656435871744
      7 1247486220
      7 1238492109897895937
      7 1238457664029560832
      7 123281100
      7 1224566569319239680
      7 1147477886170886144
      7 1143288195741863936
      7 1141740754756239360
      7 113491007
      7 1128723394629971969
      7 112155894
      7 111556423
      7 1105735643135537152
      7 1095523459877068800
      7 1060375401166397440
      7 1038241060516900864
      7 1022257111621926913
      7 1016532597432725506
      7 1003895325025865730
      6 9.79212E+17
      6 978265628426432512
      6 961168145980407808
      6 96092282
      6 956940279038332928
      6 956516400343986176
      6 956171191
      6 95091601
      6 941445693331427330
      6 934283762
      6 91569402
      6 909743718575611905
      6 907787818898001920
      6 90676132
      6 898565402346827779
      6 88869834
      6 885131602677858305
      6 881974187589603328
      6 862315394
      6 856010760
      6 854241227503529985
      6 841842912870645760
      6 83795099
      6 826226272418283520
      6 819803779713286144
      6 815708250217840640
      6 800463336630403072
      6 78835016
      6 774032990578040832
      6 759433657
      6 758699099331919872
      6 758114193895665664
      6 740244738738126849
      6 718877167942152192
      6 706171767295967233
      6 69080476
      6 68219213
      6 626470812
      6 62576309
      6 62513246
      6 601811574
      6 578601744
      6 571141141
      6 550373091
      6 548384458
      6 52003080
      6 51689310
      6 512554477
      6 4766109733
      6 4725383142
      6 47216804
      6 459119926
      6 4459642286
      6 431503395
      6 42927636
      6 418478013
      6 41438148
      6 4103492464
      6 410249471
      6 4043106914
      6 3909195373
      6 3827830753
      6 3702400223
      6 369714563
      6 362787242
      6 344185586
      6 339559375
      6 339435210
      6 3383159573
      6 3362160970
      6 335312037
      6 331672974
      6 3289440085
      6 3277827936
      6 3272484319
      6 326071624
      6 322913191
      6 322889483
      6 3131144855
      6 3064984647
      6 306310810
      6 2886667320
      6 2885493519
      6 2883841
      6 28838219
      6 2880049930
      6 2835962353
      6 282617380
      6 280664117
      6 2788843567
      6 2732591676
      6 2672715140
      6 265284718
      6 258610634
      6 2570178294
      6 245480847
      6 24403753
      6 2397559128
      6 2328730903
      6 2318108012
      6 2314087860
      6 22730752
      6 22650211
      6 2227646515
      6 222748037
      6 2224624532
      6 22178780
      6 22178135
      6 2184934963
      6 216065430
      6 20995648
      6 20973388
      6 20764031
      6 20675681
      6 20610385
      6 200583835
      6 199516357
      6 1969346438
      6 19608297
      6 19386622
      6 1897328731
      6 188793260
      6 1864591632
      6 185765234
      6 184970791
      6 183770461
      6 18113993
      6 180887271
      6 17895820
      6 17717593
      6 177101260
      6 17494010
      6 17292143
      6 17152067
      6 17099921
      6 167932594
      6 16094885
      6 1543321040
      6 151967576
      6 151669116
      6 1497649756881006593
      6 1494491251680456741
      6 1481377905573871619
      6 14707794
      6 1455576852492324872
      6 1454928205
      6 1425051930750033947
      6 1424844847115079682
      6 1420529744311988233
      6 1412125415993397251
      6 1396166528287002626
      6 1389619592130088976
      6 1375127026840039424
      6 13748562
      6 1367092300627771402
      6 1361329989665325059
      6 1349053179552440320
      6 1346060456805470209
      6 1331107444416770048
      6 1326139149426941952
      6 1318639282899341321
      6 1312028370088144896
      6 1300009654169280517
      6 1295064923685310464
      6 1283900598
      6 1278236816936710144
      6 1276399597175427073
      6 1267850215614185477
      6 1267221600023334914
      6 1242080493694341127
      6 1240303976781733889
      6 1201730863035142144
      6 1178704911426564096
      6 117667573
      6 1167466822649753607
      6 1156988582529306629
      6 1099390247534759938
      6 1082192580203339776
      6 1080584229510172678
      6 1075356324072972288
      6 1060751816
      6 1058473484
      6 1050824274691416069
      6 1042307696
      6 104040220
      6 1040160799208161280
      6 1033088633731870722
      6 1029612428026204160
      6 1029041185808109568
      5 987284629819244544
      5 985523859179925504
      5 977954172556361733
      5 96846955
      5 965588254899699713
      5 955767251449405440
      5 947924373029171200
      5 941754604118831105
      5 941055265054408704
      5 936078120
      5 935116421977186304
      5 922294461186453504
      5 92004163
      5 915959557570138112
      5 91149180
      5 896166389332848640
      5 88896028
      5 886776512426328064
      5 885814222021591041
      5 881615056437297152
      5 879161563
      5 863527548
      5 857551308756312068
      5 85583894
      5 851051040
      5 8487622
      5 845795943479959552
      5 84391238
      5 840502412842541056
      5 835552373615493120
      5 819014958822232064
      5 817086280597209089
      5 807787995940036608
      5 80653307
      5 802649176299466752
      5 801111943775973376
      5 797406769
      5 792913410
      5 792254042
      5 77853610
      5 761102610
      5 749650176
      5 744601892
      5 744260935527735296
      5 740703245048287233
      5 740509130
      5 726372601
      5 715129786545410048
      5 713799110327820288
      5 709863948686909441
      5 709860687
      5 605153786
      5 602403521
      5 593289567
      5 58569413
      5 581450356
      5 56487665
      5 526197521
      5 524396430
      5 50533849
      5 502326430
      5 50077498
      5 496456374
      5 48419856
      5 462021312
      5 459872442
      5 4480118843
      5 44170913
      5 4413817101
      5 44060932
      5 43280157
      5 4264297743
      5 4204665382
      5 41822696
      5 412218262
      5 41160647
      5 4105532853
      5 40353407
      5 4018888580
      5 39496081
      5 389542893
      5 3866705320
      5 3805847837
      5 37818106
      5 368240745
      5 365216346
      5 364478729
      5 36054262
      5 349803020
      5 343452680
      5 34262462
      5 33712343
      5 3298227152
      5 3260680316
      5 324684750
      5 323465282
      5 322103704
      5 310746442
      5 308062165
      5 302984766
      5 2971201923
      5 2956836471
      5 2943739141
      5 284590933
      5 2842841126
      5 282790593
      5 2826804048
      5 2732180892
      5 2704421318
      5 267377062
      5 26704114
      5 263129271
      5 26138685
      5 2592929514
      5 2569219368
      5 25516222
      5 25067168
      5 25049056
      5 248905682
      5 244917756
      5 242309449
      5 2418068074
      5 24179879
      5 241534687
      5 2401980110
      5 2400284491
      5 23603092
      5 2358617670
      5 23452847
      5 2337986366
      5 2337866346
      5 233468586
      5 23314049
      5 22771961
      5 227531567
      5 2272111265
      5 22344763
      5 2202236205
      5 2193135944
      5 21480788
      5 21215254
      5 211958786
      5 209176493
      5 20821069
      5 202216517
      5 202010826
      5 20015944
      5 19897138
      5 19777398
      5 1972519165
      5 1967216306
      5 19481808
      5 19397439
      5 1921157221
      5 19089339
      5 1900566776
      5 18621574
      5 1842010946
      5 182474563
      5 18159985
      5 179313631
      5 16993219
      5 16973333
      5 1681704248
      5 168144703
      5 16638041
      5 16589206
      5 16560657
      5 16503453
      5 16219502
      5 162063442
      5 161988348
      5 160435818
      5 1561975297
      5 15309072
      5 15220768
      5 1513728013
      5 1510918164
      5 1505100747393880074
      5 1492477876297670666
      5 1491266563436990464
      5 14893847
      5 14872237
      5 1483794432793010178
      5 14820509
      5 1480266661768966148
      5 1476961041389027333
      5 1466018504394649602
      5 1465347964252180493
      5 14635601
      5 1445729339438505984
      5 1443553544791990272
      5 1437645763564253185
      5 1431888742780846082
      5 1425867981112893448
      5 1420863242054864898
      5 1397596128435187716
      5 138451153
      5 1380949455780859909
      5 1380918328034615298
      5 1371465858111975425
      5 1370269173436317697
      5 1366766484
      5 1363558112498749441
      5 1362805552162701314
      5 1359870889110642697
      5 1359009358940626951
      5 1357551713629077505
      5 1351284403801108481
      5 1348673658433261568
      5 1342967244
      5 1339357320
      5 1329120146158362629
      5 1325992895334256642
      5 1310293913211744258
      5 1310219550
      5 1309391725765459968
      5 1307465293078253568
      5 1305220768746283008
      5 1298243926420267014
      5 1297267109114851330
      5 1292141575947116544
      5 1284890693907951618
      5 1279903151861235718
      5 1275209472
      5 1263645592095318017
      5 1261740727735685120
      5 1256724024241119234
      5 1250528764154568704
      5 1247020867529453568
      5 1242409188
      5 1236816024281976833
      5 1227295530608283648
      5 121732143
      5 1208293000511574017
      5 120720108
      5 1194152189142417408
      5 1192160073897988096
      5 1185366642869460992
      5 1177412853919182849
      5 1167330903955255296
      5 1167153177818361856
      5 1137033067128926214
      5 11348282
      5 1134753740
      5 1133463477656457216
      5 1130005901140811777
      5 1126511673794129920
      5 1120698997327294464
      5 1116552895401316353
      5 1105841749442904065
      5 1105668831043715072
      5 1101971643327426565
      5 1094713876132872192
      5 1085290065490632704
      5 1084523178444099584
      5 108352527
      5 1080154047519150080
      5 1066812489147604993
      5 1047071760389165058
      5 1019944707311403008
      5 101447362
      5 1006165181871910912
      5 1001228776032763905
      4 997620077599035392
      4 994142608715927557
      4 992069133687840768
      4 98141307
      4 97739866
      4 976995099170062338
      4 97474887
      4 971210280
      4 9695312
      4 969221141347913734
      4 96906231
      4 968842541222084610
      4 964190420556279808
      4 95721440
      4 95620187
      4 956188013301829632
      4 949681897
      4 943134800159891457
      4 942241440855343104
      4 939021992
      4 937019478
      4 932068755856936960
      4 930419292
      4 929330853334999040
      4 925385771112071169
      4 91478624
      4 913063871681835008
      4 90927065
      4 907139600
      4 902949236916060160
      4 89820928
      4 891701342342926336
      4 883096772163325952
      4 882759681667588096
      4 881705032718077952
      4 879810242153914368
      4 877968869138329601
      4 876794657669353472
      4 87528671
      4 861137888838393856
      4 859234990340546560
      4 85874860
      4 85795383
      4 85289376
      4 844136511079559168
      4 843447680
      4 834825983010107392
      4 834081571493785600
      4 828561216918335489
      4 825829081866436608
      4 818886214539427840
      4 818837224003289088
      4 818455148271964160
      4 811704294743359493
      4 811229675758505984
      4 810603440984494080
      4 806258923896455179
      4 806240323630432256
      4 806113446546853888
      4 799718923541291008
      4 794241805894172672
      4 793520017
      4 782018153207431168
      4 7790922
      4 777449463656902656
      4 774445533008191488
      4 759251
      4 738779772
      4 73377501
      4 728273994
      4 726070073081868289
      4 720420236076277760
      4 713118204453851138
      4 71298686
      4 701844034755633157
      4 701118813031550979
      4 69324340
      4 69172612
      4 64256128
      4 64020286
      4 613433935
      4 61183568
      4 60783724
      4 601107649
      4 596893898
      4 59608571
      4 59067938
      4 58562226
      4 583821006
      4 56798488
      4 56698179
      4 56070554
      4 552783037
      4 544268841
      4 542368417
      4 540543234
      4 539833719
      4 534841923
      4 528674835
      4 52710136
      4 4970411
      4 483701821
      4 4823433298
      4 48161330
      4 4811437555
      4 480196886
      4 472983997
      4 471941936
      4 467823431
      4 466519303
      4 465193714
      4 464119756
      4 463214687
      4 45970216
      4 459390022
      4 459141395
      4 456066153
      4 455024343
      4 4491531140
      4 448692159
      4 448493391
      4 4473582389
      4 44334649
      4 44126404
      4 436429668
      4 426081006
      4 42371615
      4 4218124714
      4 40497328
      4 39367703
      4 384923143
      4 37963496
      4 37813045
      4 374135040
      4 374031650
      4 37397428
      4 37190669
      4 370316978
      4 36375825
      4 363180823
      4 36065127
      4 36048614
      4 3579621921
      4 357606935
      4 35157660
      4 35094637
      4 34374472
      4 338875236
      4 3386968023
      4 3371308145
      4 33189473
      4 329305241
      4 3276863125
      4 3224858939
      4 3223426134
      4 322206188
      4 31957479
      4 3194991238
      4 3189885294
      4 31669146
      4 3157015988
      4 31373289
      4 312504426
      4 3114313702
      4 305216911
      4 3008913119
      4 3001691374
      4 29979814
      4 29979762
      4 2984679029
      4 2973745205
      4 29709009
      4 29472803
      4 2944677281
      4 29427144
      4 2940460727
      4 2937740737
      4 292120360
      4 2880046113
      4 28785486
      4 286014324
      4 2854922843
      4 285427897
      4 2849876151
      4 2842944151
      4 2821767551
      4 28206390
      4 280562113
      4 279456269
      4 2784228956
      4 27555735
      4 27386099
      4 271603436
      4 271044800
      4 270132611
      4 26854187
      4 267087362
      4 26443215
      4 26044686
      4 2598999181
      4 2596467997
      4 25718389
      4 2552935555
      4 25375962
      4 253615321
      4 2529819272
      4 24700876
      4 2467791
      4 2464473097
      4 2461924214
      4 2460613650
      4 2445134780
      4 2444122315
      4 2432830728
      4 243144742
      4 242827267
      4 242555999
      4 2422634642
      4 2412307836
      4 2401117104
      4 2393261827
      4 2359337692
      4 235229140
      4 233788247
      4 2317802312
      4 230525285
      4 2299987059
      4 228795466
      4 2282368782
      4 22815383
      4 22799257
      4 2277445532
      4 226350647
      4 225955620
      4 2254185433
      4 225338707
      4 2248919634
      4 2227355222
      4 222264309
      4 21972670
      4 21906715
      4 2178775035
      4 216767555
      4 21438665
      4 213243802
      4 212621119
      4 20846658
      4 20796069
      4 207471475
      4 20563760
      4 20427720
      4 201421060
      4 200163448
      4 19983221
      4 199452338
      4 19869623
      4 19657809
      4 1962626484
      4 19568591
      4 194980378
      4 19168328
      4 190154112
      4 18950745
      4 18655567
      4 1865540413
      4 185722900
      4 18559001
      4 18538268
      4 18535660
      4 18464266
      4 183767243
      4 18359336
      4 18228708
      4 18020612
      4 180032672
      4 179449138
      4 17684387
      4 17389318
      4 1714358744
      4 1710232142
      4 17062358
      4 17006036
      4 16891240
      4 1686874152
      4 167155452
      4 16671007
      4 16645313
      4 16596200
      4 16476911
      4 164554364
      4 164263382
      4 16393781
      4 16185879
      4 1616988301
      4 160952087
      4 160271132
      4 159955958
      4 15698452
      4 1569270146
      4 156881548
      4 1560309650
      4 15553222
      4 154830217
      4 1498007127763427328
      4 1497024001314590725
      4 14962779
      4 1491983291519586310
      4 1485560866858668032
      4 1483196161401901056
      4 148204118
      4 1480623037204635649
      4 1480071384600485889
      4 1479984731911438337
      4 147991962
      4 1479667621867888644
      4 14784939
      4 14740721
      4 1467197713422991363
      4 1466586706576961537
      4 146417503
      4 146123790
      4 1460885434851069953
      4 1452765953565999104
      4 1444053231122923522
      4 1441358322611802120
      4 1441091024168783881
      4 1439329794735296515
      4 1433631997713289264
      4 143159404
      4 1429631573981233154
      4 1429173826689064961
      4 1429016867532849153
      4 1420351245819207681
      4 141715281
      4 1416846409865867267
      4 1416832546936082436
      4 1413906206326935564
      4 1410502378416115717
      4 1407324806421237761
      4 140013897
      4 1396548314095517696
      4 139328853
      4 1392444458990440449
      4 1391645372452245509
      4 1391482869906825229
      4 1391384620000849924
      4 1380105042989101061
      4 1372166406972661770
      4 1371726991343247361
      4 1368799567190237188
      4 1362322526118969346
      4 1357083175999127557
      4 1357061886286602240
      4 1355166823306702848
      4 135433469
      4 1352452544
      4 1350543516166979589
      4 1350077020768620546
      4 1348481478229848067
      4 134758540
      4 1347497517894627329
      4 1347250338
      4 1346492377448398849
      4 1341124283666329600
      4 1337398388
      4 1336824516
      4 133397127
      4 1333273132547751936
      4 1332008990906179586
      4 1327843160
      4 1327442450957303809
      4 132731802
      4 1326867091333537793
      4 1326834906287144961
      4 1325255227247767552
      4 1320463487257247744
      4 1319277014369538051
      4 1316468089018609670
      4 1308697225497772033
      4 1308494794713370624
      4 1308358704454987777
      4 1308267623327518725
      4 130668639
      4 1306676374128799744
      4 1301125132052766720
      4 1299418255937998854
      4 1295830169802940416
      4 1295075863218647040
      4 1294338975809916929
      4 1268848730754756611
      4 1264350074814951424
      4 1264044208387547137
      4 1258129712
      4 1248731077075664898
      4 1248627749201285127
      4 1248259588685692928
      4 1243976208154529795
      4 1241414007355047943
      4 1239206834193326085
      4 1238848104968810497
      4 1238635203909890051
      4 1235496079447060482
      4 1231262875571933187
      4 1230463969
      4 1229449496389705729
      4 1217917146421960704
      4 1217912953657274368
      4 121462492
      4 1214193808755187713
      4 1213446779535937542
      4 12133382
      4 1212287173321297922
      4 1193613424783249409
      4 1191160675894251523
      4 1178452608794726401
      4 117004374
      4 1169989273468190728
      4 1167843938599952384
      4 1163468033588957184
      4 1159682513947652096
      4 1154105453317677056
      4 1140620623665868800
      4 1138458175663988738
      4 1136667717317091328
      4 1136128644
      4 1135707841879085059
      4 1134152253353447424
      4 1132832803
      4 1124001618096160770
      4 1122618943225643009
      4 1118019922108370945
      4 1114675538
      4 1106771843929788419
      4 1103001381114429440
      4 10955042
      4 1094762324097822720
      4 109071031
      4 1089998124
      4 1088761072163516417
      4 1084818625578627072
      4 1082246178283155457
      4 1081222837459996672
      4 1080188052365029376
      4 1077563541761052672
      4 107227617
      4 1065397059262414848
      4 1064610773488599041
      4 1063211677
      4 1050478262009262080
      4 1048593008894128128
      4 1046745148703608832
      4 1045110787
      4 1038970825699774465
      4 103652294
      4 1033994695595065347
      4 1033848682930728961
      4 1033195357
      4 1033084441697153024
      4 1031946753510203392
      4 1031530278
      4 102825384
      4 1019974187975430144
      4 1018479795984830465
      4 1011970623470489601
      4 1010321477772697601
      4 1005148131091275777
      3 992149270399725568
      3 990043728344748036
      3 98575337
      3 984717717927333888
      3 984301467359170564
      3 979140480096071680
      3 978947769888116736
      3 977302343552204805
      3 976119108050800640
      3 973909213662646272
      3 972491543666987008
      3 971466492356251648
      3 970577438
      3 968778669551439872
      3 967810396483674112
      3 96646729
      3 965007824
      3 959164093
      3 957771626
      3 957306920
      3 950249762
      3 948169852547715072
      3 941662868927406080
      3 93964759
      3 937972724563173376
      3 937422446323314688
      3 929823128259387392
      3 926214412050067456
      3 926197605377310720
      3 920943710254313472
      3 918183376842084356
      3 917397799972605953
      3 91039220
      3 910254330292375552
      3 905207232769384448
      3 90146161
      3 900669223122472960
      3 895118100
      3 89442728
      3 893479800
      3 888768519277608960
      3 88661109
      3 886060860
      3 885206174261542912
      3 878284831
      3 874006150399877120
      3 86925202
      3 867353936897986560
      3 866451086349144065
      3 864624748738875392
      3 862430010
      3 86010091
      3 85568680
      3 848180033688612864
      3 843556423548067840
      3 84198189
      3 839990047764017153
      3 829488643152703488
      3 82709293
      3 823668549856002048
      3 823583545100816390
      3 823300777087275009
      3 819808366125981696
      3 819807891922108418
      3 818483186560864256
      3 817923454456373249
      3 817530967195684864
      3 809558204413779970
      3 80944550
      3 807357676300730368
      3 806906355214852096
      3 80571323
      3 805248112264626176
      3 80471236
      3 803694179079458816
      3 799617770
      3 795138728218021889
      3 79117953
      3 79031518
      3 789203988533026818
      3 788560328640503808
      3 787727156
      3 785406
      3 784890784273215488
      3 783655217170554880
      3 781921562265948160
      3 7794142
      3 7786612
      3 77821953
      3 7777302
      3 776009589754126336
      3 772804856860073984
      3 769104366376656896
      3 760694335356690432
      3 757938642
      3 756301949264236544
      3 754108043974107137
      3 748362288
      3 747375639708180480
      3 746377806754394116
      3 74580436
      3 742732369497587712
      3 737958300189392897
      3 737049250366820356
      3 736951356070580225
      3 730314451
      3 72819944
      3 727007094
      3 72584356
      3 725798322
      3 72480697
      3 724385950927826944
      3 723960774
      3 722242009
      3 713752653289955329
      3 713133920968159232
      3 708238897688535040
      3 70315912
      3 68991446
      3 68405620
      3 66401056
      3 64873265
      3 64705123
      3 620393146
      3 619154715
      3 612785170
      3 6094772
      3 599081495
      3 59862199
      3 59189439
      3 59143817
      3 589934685
      3 58945187
      3 586768717
      3 586749256
      3 586420487
      3 582414351
      3 580312540
      3 57906313
      3 56575418
      3 56381997
      3 56338737
      3 561549614
      3 556079802
      3 55060090
      3 549806678
      3 54730258
      3 546071988
      3 54575030
      3 537725764
      3 536904693
      3 5360012
      3 532241033
      3 52855610
      3 52660746
      3 524939820
      3 524769634
      3 514521528
      3 50968251
      3 499897481
      3 493526610
      3 4919154620
      3 490002009
      3 489693172
      3 488950348
      3 487962301
      3 487584390
      3 486834536
      3 486788914
      3 486027045
      3 48523902
      3 48289662
      3 4811011050
      3 48035511
      3 4792461621
      3 478171699
      3 478092012
      3 4775213994
      3 474336882
      3 4742724375
      3 47379354
      3 473482276
      3 47285504
      3 47094621
      3 468851612
      3 467826020
      3 467137030
      3 465973
      3 46525929
      3 462513428
      3 459269265
      3 457743272
      3 456465801
      3 45544324
      3 452100948
      3 44849238
      3 43982437
      3 43910797
      3 43338821
      3 431486478
      3 43077278
      3 430595346
      3 42971403
      3 4289055375
      3 42856767
      3 42501345
      3 42389136
      3 419622371
      3 417555594
      3 41702018
      3 416950760
      3 412548718
      3 4106204219
      3 406842374
      3 40415457
      3 397836878
      3 39773949
      3 39547629
      3 3948308435
      3 393902100
      3 393066504
      3 39151934
      3 390863217
      3 38434191
      3 38421062
      3 38387578
      3 383046887
      3 382856144
      3 379052142
      3 378420614
      3 3770574616
      3 374985218
      3 374858898
      3 372187968
      3 371444442
      3 36984909
      3 367532676
      3 36573471
      3 3644915056
      3 361517390
      3 360214917
      3 357584312
      3 357430585
      3 35586563
      3 355581570
      3 35315192
      3 35022195
      3 34792486
      3 346304908
      3 344395626
      3 34321294
      3 342863309
      3 3425014283
      3 3423997089
      3 34217608
      3 340144317
      3 338787319
      3 338535317
      3 3380282686
      3 3378952744
      3 337122857
      3 3366520033
      3 3356509845
      3 3351815242
      3 3349925638
      3 3331851939
      3 33276161
      3 33235771
      3 3305890749
      3 33056274
      3 3304320810
      3 3301752945
      3 3299903945
      3 32876210
      3 32871593
      3 326765076
      3 32630870
      3 32578142
      3 325183830
      3 32467167
      3 32431468
      3 32201814
      3 3213725730
      3 319677725
      3 319619581
      3 3188762610
      3 317615319
      3 3167508269
      3 3164751252
      3 316237866
      3 3160248614
      3 315950881
      3 31488410
      3 3141672447
      3 31252613
      3 3124786444
      3 311899155
      3 31135856
      3 309705905
      3 309119004
      3 3074759934
      3 304856790
      3 303862998
      3 3030091312
      3 301326338
      3 3011691524
      3 30080029
      3 29950545
      3 299502506
      3 29922585
      3 29826996
      3 2981354171
      3 298060999
      3 2964161673
      3 295875160
      3 2951027582
      3 2949929927
      3 29418196
      3 2932460195
      3 293241580
      3 29270341
      3 292369459
      3 2923235807
      3 2921282954
      3 292057235
      3 2920030904
      3 29194420
      3 2918161040
      3 291336460
      3 28978705
      3 2894874689
      3 2894399038
      3 288955712
      3 28745526
      3 286998245
      3 2865907814
      3 284205858
      3 283375938
      3 2827085194
      3 2811853882
      3 280980769
      3 2783875490
      3 27823555
      3 27767093
      3 2761470155
      3 2746644052
      3 27282113
      3 2726021539
      3 2717774782
      3 2704294333
      3 2703702428
      3 27013347
      3 270064609
      3 2690515189
      3 2683210415
      3 26775504
      3 2674405074
      3 26671374
      3 266101459
      3 2655912266
      3 265154042
      3 2645440044
      3 262236158
      3 262219168
      3 26149716
      3 2610556160
      3 2610019524
      3 2602346270
      3 25974425
      3 25919401
      3 25386372
      3 252751061
      3 25264158
      3 25098482
      3 250642993
      3 248801998
      3 24698180
      3 245786811
      3 2453483250
      3 244655353
      3 2440992621
      3 243983947
      3 243905347
      3 243518851
      3 242957292
      3 24290265
      3 2419132794
      3 2412223020
      3 240903720
      3 2406093795
      3 240265305
      3 240095783
      3 239555645
      3 239535516
      3 23937894
      3 2391589446
      3 238575113
      3 238220689
      3 23740831
      3 236890726
      3 23572083
      3 235717819
      3 2352851258
      3 234638601
      3 2340315002
      3 233886065
      3 2329492448
      3 23283299
      3 2324991210
      3 232427887
      3 2314055840
      3 2301844336
      3 2301114914
      3 2300453384
      3 228487825
      3 228360645
      3 2276080412
      3 2275398922
      3 2266925107
      3 2262316596
      3 225939990
      3 2247128588
      3 2235731509
      3 22240612
      3 2224040881
      3 22189368
      3 221659600
      3 22162815
      3 2196203149
      3 2180874848
      3 2173378878
      3 2170388323
      3 2165292985
      3 216299334
      3 21442298
      3 21313053
      3 21088417
      3 21037096
      3 20702508
      3 20646711
      3 206170317
      3 20598137
      3 20565970
      3 20446536
      3 20429918
      3 204273771
      3 202884181
      3 20229511
      3 202124139
      3 200511006
      3 19977028
      3 19865619
      3 198357693
      3 196994616
      3 19687282
      3 19678937
      3 19674092
      3 19644592
      3 195566573
      3 19362299
      3 19347791
      3 19233522
      3 1922781510
      3 19158571
      3 1915033663
      3 19088288
      3 19084896
      3 190638538
      3 18997933
      3 18965916
      3 1886630521
      3 18791654
      3 187289134
      3 1866938882
      3 186667011
      3 1858780626
      3 18561243
      3 1846263972
      3 18440301
      3 18259219
      3 182422417
      3 18238409
      3 17829133
      3 17820022
      3 17385685
      3 17243913
      3 17229809
      3 17204460
      3 17134268
      3 1706358680
      3 17025489
      3 17018594
      3 16996451
      3 16869718
      3 16832632
      3 1680691602
      3 1675563421
      3 16711026
      3 1670437968
      3 166746503
      3 166426325
      3 16580226
      3 1652541
      3 164706541
      3 16457400
      3 1645345628
      3 164226176
      3 16299627
      3 16212685
      3 162071541
      3 16185413
      3 16139649
      3 160344554
      3 16012783
      3 160094489
      3 159146922
      3 15876845
      3 158414847
      3 15822295
      3 15801906
      3 1579290116
      3 15769858
      3 15687399
      3 15675138
      3 15593696
      3 1558406653
      3 1553926891
      3 15496407
      3 1543664064
      3 15392486
      3 1536236778
      3 1531521632
      3 153151272
      3 15288851
      3 1525446732
      3 1517138478
      3 15157283
      3 151432737
      3 151257881
      3 1512557049103757318
      3 15115280
      3 1508704561132974083
      3 150856088
      3 1508508504
      3 150466727
      3 15035991
      3 1501329012865388546
      3 1499881545271808004
      3 149808530
      3 1497530041504350208
      3 1497280599706460160
      3 1496974090506162180
      3 1496723055506169856
      3 1496645834951299072
      3 1496052422535524353
      3 1494031609217048579
      3 1492745382408851462
      3 14926475
      3 1491739985761943560
      3 1489683283864608768
      3 14888467
      3 1487913312746622982
      3 1487820345692332032
      3 1485672905702838285
      3 1485636486
      3 14837621
      3 1482328498958213124
      3 1482125874954706950
      3 1481828312687464448
      3 14803951
      3 1474621435427442690
      3 1470985024975654914
      3 1470884915105263620
      3 14700316
      3 14700117
      3 1468707251481423880
      3 1467443898977030146
      3 1466129890147811336
      3 1465157496192978946
      3 1462791941301542914
      3 1462548977367359490
      3 1462046809
      3 1461884280536059912
      3 14575014
      3 1456108406947807236
      3 1453677224171905024
      3 1452897509202972677
      3 1451773004
      3 1448820035015770116
      3 1447541603015528454
      3 1446703393662246913
      3 1446535032982679559
      3 14457811
      3 144542683
      3 1443095900855881731
      3 1442256078259974154
      3 1442016328013926406
      3 1441111022283079682
      3 1440383378683875328
      3 1440005875763236865
      3 1435023354872745985
      3 1430905832246370308
      3 1430083013187043332
      3 1427611327552532482
      3 14234323
      3 14216661
      3 1421417927769829382
      3 1414045007460265988
      3 1412897313907900420
      3 14107202
      3 1410700164067647495
      3 14089195
      3 1407045653683900422
      3 1406892875233693699
      3 1405866883
      3 14051524
      3 140496030
      3 1396958374344871937
      3 1392257724914802692
      3 1392078209588543489
      3 1384611618655506437
      3 1382621628358664195
      3 1382432473892683782
      3 1380775691621388288
      3 1379744641226969093
      3 1377488084
      3 1376861391957733380
      3 1375846488031432705
      3 1370194084598587393
      3 1369225110146588672
      3 1369160185315430402
      3 1364441356211380225
      3 1360035053464547335
      3 135637639
      3 1355398340
      3 1354525155238801413
      3 1351956895
      3 1349869653816823813
      3 1348825664451866624
      3 1347416513721069569
      3 1345143734854242305
      3 1343505621677715461
      3 1340885244577263616
      3 133584406
      3 1334814328084688896
      3 1334696264185724930
      3 1326088264747544576
      3 131935861
      3 131926473
      3 1316757892243087361
      3 1315648635581853699
      3 1313568309506453506
      3 1313081803133997056
      3 1305999480903348226
      3 1302167932114411520
      3 130104942
      3 1294430907814666240
      3 1293453439
      3 1292476725977387010
      3 1290779506911977473
      3 1285788791119069184
      3 1285725618198347776
      3 12848262
      3 1283359889163603969
      3 1282788499129864194
      3 1277288422281932800
      3 1276904608032591875
      3 127605667
      3 1271489698612084736
      3 1270917763830296577
      3 1270426374
      3 1270217997190340610
      3 1269217886058549248
      3 1268999726453719042
      3 1268508296
      3 1268419745012789248
      3 1268223690480615424
      3 1263116741351280642
      3 1261219380
      3 1259818577785307137
      3 1257158389
      3 1255942372380180486
      3 1249858166
      3 1249059804762562562
      3 1248715650794749954
      3 1247984431
      3 1245932239717724162
      3 1245422747238518784
      3 1245123530334916608
      3 1244750886716329984
      3 1241675600399564800
      3 1240932982707204097
      3 123910041
      3 1238164626388500482
      3 1236155093847666689
      3 1234879375734181888
      3 1228805862363455489
      3 1224765856737046529
      3 1223295873116987394
      3 1222796311168077824
      3 1222371206684266496
      3 1222084828100775945
      3 1219745366960230400
      3 121853848
      3 1216793092134723586
      3 1210233737356730368
      3 1203874525168844802
      3 1202415019771584512
      3 1200438346809565186
      3 1198652670267056128
      3 119818129
      3 1195126426959319040
      3 1194801500498931712
      3 119434486
      3 119421760
      3 11912362
      3 1189438597734244352
      3 1189293292686630912
      3 1185688757674135554
      3 1185370577583906816
      3 1181936905820266496
      3 1180903581391605760
      3 1180480529826754561
      3 117873637
      3 1177181061173956609
      3 1176861007303585792
      3 1176474996400693249
      3 1173497359193391104
      3 116502194
      3 115884789
      3 115823765
      3 1157088899115544576
      3 1150206412867416065
      3 114718372
      3 1141752838487445504
      3 114023433
      3 113746263
      3 1135721977631641600
      3 1134617890735448069
      3 1133233299554545665
      3 1132374368
      3 112522157
      3 1123536127908966400
      3 1119014143590305797
      3 1118336716425719811
      3 1114474235949277186
      3 111388931
      3 1111666763584991233
      3 1110032180237852672
      3 1109504386550513664
      3 1106090736276004864
      3 1105919055595167744
      3 109749447
      3 1093139344469176322
      3 1090579343569571840
      3 1090232196009545728
      3 1089045346242576385
      3 1088805993906085888
      3 1088040155926183936
      3 1083037637634449409
      3 1080277407867772930
      3 107807111
      3 1077703279218282497
      3 1077181999
      3 1071638719
      3 1069512940926062592
      3 1060027756619202562
      3 1058356950113509378
      3 105374246
      3 1052522228
      3 1052497879
      3 1047372551482167296
      3 104594451
      3 1043745428879986689
      3 104233325
      3 104152457
      3 1027348660013563904
      3 1024584285620236288
      3 1024435689683861506
      3 1021382089059590144
      3 1021208979513454597
      3 1020662868524511233
      3 1017178987976712192
      3 1012209702
      3 1010623406176235520
      3 1008688766062661632
      3 100588178
      3 1005237882
      3 1003662615661436929
